1988
1208
1804
2021
1559
1819
1702
2146
2241
1739
1361
1269
2025
1791
1634
1914
1406
1726
1656
1587
1327
1719
1579
1940
2211
2275
1227
1362
1807
2014
1180
1390
1252
1905
1241
1388
2018
1663
2310
1240
1595
1728
2005
1571
2233
1285
2265
2309
1348
2060
1641
1494
2161
2035
1677
2055
1368
1181
1583
1424
2311
1772
1560
1430
1658
1800
2250
2079
2011
2026
2212
1232
1552
2022
1663
1195
1785
2186
2248
2212
1390
1258
2265
1365
2063
2266
1278
1598
1543
2190
1615
1188
2059
1197
1769
1485
1246
1369
1714
1280
1296
1791
1540
2277
1921
1835
1849
1318
2036
1736
1984
2043
1566
1240
2269
2014
1774
1648
1256
1262
1719
1650
2239
1175
1501
1175
2316
1263
1782
1493
1562
1780
1762
1263
2234
2250
1772
1586
1497
1868
1779
2068
1254
1922
2062
2036
1696
1608
1176
2127
2222
1586
1318
1976
1882
1368
1566
2068
1215
1559
1662
1212
2084
1838
1494
1644
1213
1650
1195
1732
1805
1525
1182
1940
1169
2243
1491
1353
1747
1463
1770
1433
1750
2223
1531
1947
1996
2319
2051
1311
1245
1514
1460
2153
1912
1823
1560
1788
1196
1549
1651
1726
1300
1587
1251
1789
1979
1779
1740
1211
1277
1984
1422
1996
1342
1497
1506
1655
2076
1256
1285
2039
1556
1217
1525
1257
1763
2029
1746
1358
1475
1571
1599
2304
2193
1677
1945
1834
1509
1399
1292
2144
2161
2101
1682
1855
2193
1441
2289
1335
1296
1433
1851
1619
1676
1832
1926
1193
1386
1595
1608
2277
1314
1457
2138
2105
2219
2303
2117
2144
2083
1924
2140
1413
2289
2252
1531
1291
1947
1631
2279
1858
1858
2292
2087
1509
1171
1859
2262
1291
1619
1385
2274
1823
1385
1440
2335
1331
1507
1410
1851
2076
1976
1426
1931
1592
1969
1832
1878
1682
1435
1580
2255
1819
2056
1977
1842
1514
1861
2279
2251
2187
2179
2166
2140
1931
2166
1302
1398
1599
2169
1601
1528
1441
2239
1991
1398
1950
1855
1521
1847
2117
1314
1869
1516
1381
1371
1483
1549
1332
1340
1842
2274
1457
1592
1287
2175
2162
1861
2194
2139
2109
2111
1623
2146
1466
1335
1882
1948
1507
2296
2162
1386
1831
1618
1681
2298
1524
1463
1286
1897
1298
1426
2175
1403
1852
1848
1992
1856
1980
1517
1816
1414
1624
2122
1491
2280
2304
2104
1601
2168
1875
1474
1685
1414
1820
2155
2111
1544
1382
1942
1871
2240
1510
1528
1691
1440
2159
1510
1451
1827
1980
1626
1945
2297
1400
1712
2285
2285
1443
2284
1624
1956
1303
1349
2295
1864
2120
2120
1328
2118
2139
1466
1616
1455
1417
1849
1934
1932
1618
1482
1479
1451
1820
2290
1290
1400
1332
2170
1871
2242
2189
1482
1611
2122
1703
1450
1513
1817
1827
1551
1230
1435
1478
1551
1971
1378
2195
1987
1474
1513
1417
1544
2101
1628
1423
1172
1685
1478
1831
1626
1875
1703
2195
1616
2334
2156
2205
2170
1353
2302
2147
1172
2207
1666
1422
1928
2187
1712
1486
1450
1706
1705
1911
1914
2283
2196
2147
1413
2210
1934
2196
2207
1612
2302
1373
1443
2297
1699
2102
1627
1699
1936
1706
1834
2290
1912
1808
1908
2116
1517
1924
1498
1524
2102
1373
1908
1183
1444
1705
1444
2283
1401
2199
2116
1862
2206
1648
1631
2199
1808
1297
1467
2229
1380
2242
1852
1516
1476
1498
1943
1310
1171
2186
1698
1541
1623
1862
1959
2295
1476
1358
2153
1969
1612
1378
2086
1883
1547
2127
1459
2091
1841
1371
1927
1189
2013
2268
1598
1232
2090
1957
1847
1893
2129
2112
1659
1749
2091
1186
1816
1869
2128
1170
2322
2227
2268
1993
1570
2226
2105
1972
2094
1972
1317
1533
2086
1695
1960
1311
1407
1640
1628
1522
1656
1532
1689
1876
1758
2236
1792
1238
2314
1468
1188
1448
2182
1372
1659
1841
1715
1968
2305
1591
2159
1522
2133
1678
2232
1448
1364
1331
1658
1468
1686
1715
1640
1890
2182
2087
1591
1879
1382
2072
1563
1455
1968
1548
1698
1985
1404
1380
2221
2320
1735
1926
1835
1317
2278
1799
1501
1932
2133
1987
1479
1431
1567
1946
1799
1233
2256
1635
2308
2075
2235
2010
1991
2006
2059
2261
1807
2037
1315
1427
1792
1732
1740
1749
1179
1946
2316
1280
2248
1345
2257
1176
2051
1268
1711
1892
1797
2219
1460
2046
1956
1223
1201
1655
1202
2132
1205
2189
1774
2075
1892
1988
1780
2054
1224
2025
1634
1568
2190
1651
2078
1459
2200
1824
1189
2321
1552
1632
1979
2072
2221
1268
2021
1763
2234
1876
1803
1922
1307
1365
1362
2323
2177
1281
1258
1635
1647
1205
2047
1941
2260
1736
2079
1576
2052
1916
1427
1796
1647
1211
1364
1765
1315
2071
1369
1547
2044
1739
1192
1262
2060
1602
1298
1251
2013
1556
1602
2155
1644
2319
1695
1722
1557
1800
1543
1169
1722
1276
2035
2292
1696
1900
1276
1360
1746
1765
1177
1278
1336
1464
1718
1783
1577
2011
1265
2174
1665
1265
2154
1747
1872
1757
1307
2054
1754
2044
1227
1838
2317
1711
1557
2019
2026
2040
1500
1577
2039
1500
1431
1259
1769
1889
1300
1754
1785
1483
1325
2040
1971
1246
2123
2220
2007
1576
1584
1230
1753
1735
1345
1753
1486
1750
1762
1308
1226
1532
1389
1207
1561
1815
1864
1456
1388
1235
2019
1244
1756
1641
1731
1756
1182
1247
2063
1583
2052
1493
1727
1269
2002
2264
1215
1804
2260
1328
1404
1207
1234
1226
1217
1584
1327
2200
2157
2004
1464
1203
2210
1270
2028
1415
1529
1218
1796
1718
1615
2254
2047
1773
1567
1766
1529
2028
1336
1580
2062
2069
2121
2069
2006
1731
2029
1344
1201
2173
1490
1490
2173
1665
1729
1935
1301
2084
2046
2178
1282
1341
1447
1921
1826
1324
1206
2247
2178
1770
1570
2010
1766
1193
1904
1266
1202
1521
2078
1788
2142
2112
2228
2145
1803
1905
1308
1797
1325
1784
1350
1757
2323
2055
1447
1857
1344
1789
2004
1579
2335
1224
1186
2022
1975
1253
1782
2018
1826
1223
1253
1243
1213
1243
1951
1960
2002
1893
1737
2228
1896
1302
1485
2254
1721
1686
1340
1541
1916
1872
1405
2108
1359
1899
1187
1310
2293
1995
1951
2108
1377
1192
1721
1911
1681
1714
1231
1216
1406
2235
1679
2093
2208
1666
1985
1643
1975
1688
1418
1239
2001
1928
2071
1880
1408
1688
1907
1900
1662
2083
2307
1238
1675
2307
1815
1690
1632
1897
1341
1839
2104
1839
1540
2167
1303
2232
2201
1896
1424
1418
2205
2093
2131
2262
2286
1868
1611
1290
1609
2247
2213
2001
1434
1675
1702
1936
1430
2309
1879
2225
2134
1878
2264
2131
2090
1609
1594
1333
1995
1904
1691
1403
1377
2171
2177
2225
2256
1287
2094
1899
2314
1506
2123
1324
1890
1282
2043
1993
1959
1824
1352
1957
1942
1352
1349
2109
1729
1889
1950
2129
2315
2134
1348
2160
1907
1643
2276
1594
1286
2322
1915
1170
1174
1173
1173
1174
1185
1178
1177
1178
1179
1180
1181
1184
1183
1184
1185
1200
1187
1191
1190
1190
1191
1199
1194
1194
1198
1196
1197
1198
1199
1200
1222
1204
1203
1204
1210
1206
1209
1208
1209
1210
1221
1212
1214
1214
1220
1216
1219
1218
1219
1220
1221
1222
1275
1225
1225
1229
1228
1228
1229
1237
1231
1236
1233
1234
1235
1236
1237
1250
1239
1242
1241
1242
1249
1244
1245
1248
1247
1248
1249
1250
1274
1252
1255
1254
1255
1261
1257
1260
1259
1260
1261
1273
1264
1264
1267
1266
1267
1272
1271
1270
1271
1272
1273
1274
1275
1397
1277
1279
1279
1284
1281
1283
1283
1284
1295
1289
1288
1288
1289
1294
1293
1292
1293
1294
1295
1323
1297
1299
1299
1306
1301
1305
1304
1304
1305
1306
1322
1309
1309
1313
1312
1312
1313
1321
1316
1316
1320
1319
1319
1320
1321
1322
1323
1396
1326
1326
1330
1329
1329
1330
1339
1334
1333
1334
1338
1337
1337
1338
1339
1357
1343
1342
1343
1347
1346
1346
1347
1356
1351
1350
1351
1355
1354
1354
1355
1356
1357
1395
1359
1360
1361
1363
1363
1367
1366
1366
1367
1376
1370
1370
1375
1372
1374
1374
1375
1376
1394
1379
1379
1384
1381
1383
1383
1384
1393
1387
1387
1392
1389
1391
1391
1392
1393
1394
1395
1396
1397
1674
1399
1402
1401
1402
1412
1411
1405
1409
1407
1408
1409
1410
1411
1412
1421
1416
1415
1416
1420
1419
1419
1420
1421
1439
1423
1425
1425
1429
1428
1428
1429
1438
1432
1432
1437
1434
1436
1436
1437
1438
1439
1473
1442
1442
1446
1445
1445
1446
1454
1449
1449
1453
1452
1452
1453
1454
1472
1456
1458
1458
1462
1461
1461
1462
1471
1465
1465
1470
1467
1469
1469
1470
1471
1472
1473
1539
1475
1477
1477
1481
1480
1480
1481
1489
1484
1484
1488
1487
1487
1488
1489
1505
1492
1492
1496
1495
1495
1496
1504
1499
1499
1503
1502
1502
1503
1504
1505
1538
1508
1508
1512
1511
1511
1512
1520
1515
1515
1519
1518
1518
1519
1520
1537
1523
1523
1527
1526
1526
1527
1536
1530
1530
1535
1534
1533
1534
1535
1536
1537
1538
1539
1673
1542
1542
1546
1545
1545
1546
1555
1548
1550
1550
1554
1553
1553
1554
1555
1575
1558
1558
1565
1564
1561
1562
1563
1564
1565
1574
1569
1568
1569
1573
1572
1572
1573
1574
1575
1607
1578
1578
1582
1581
1581
1582
1590
1585
1585
1589
1588
1588
1589
1590
1606
1593
1593
1597
1596
1596
1597
1605
1600
1600
1604
1603
1603
1604
1605
1606
1607
1672
1610
1610
1614
1613
1613
1614
1622
1617
1617
1621
1620
1620
1621
1622
1639
1625
1625
1630
1627
1629
1629
1630
1638
1633
1633
1637
1636
1636
1637
1638
1639
1671
1642
1642
1646
1645
1645
1646
1654
1649
1649
1653
1652
1652
1653
1654
1670
1657
1657
1661
1660
1660
1661
1669
1664
1664
1668
1667
1667
1668
1669
1670
1671
1672
1673
1674
2333
1676
1680
1678
1679
1680
1684
1683
1683
1684
1694
1687
1687
1693
1689
1690
1692
1692
1693
1694
1710
1697
1697
1701
1700
1700
1701
1709
1704
1704
1708
1707
1707
1708
1709
1710
1745
1713
1713
1717
1716
1716
1717
1725
1720
1720
1724
1723
1723
1724
1725
1744
1727
1728
1730
1730
1734
1733
1733
1734
1743
1738
1737
1738
1742
1741
1741
1742
1743
1744
1745
1814
1748
1748
1752
1751
1751
1752
1761
1755
1755
1760
1759
1758
1759
1760
1761
1778
1764
1764
1768
1767
1767
1768
1777
1771
1771
1776
1773
1775
1775
1776
1777
1778
1813
1781
1781
1787
1783
1784
1786
1786
1787
1795
1790
1790
1794
1793
1793
1794
1795
1812
1798
1798
1802
1801
1801
1802
1811
1806
1805
1806
1810
1809
1809
1810
1811
1812
1813
1814
1967
1818
1817
1818
1822
1821
1821
1822
1830
1825
1825
1829
1828
1828
1829
1830
1846
1833
1833
1837
1836
1836
1837
1845
1840
1840
1844
1843
1843
1844
1845
1846
1888
1848
1850
1850
1854
1853
1853
1854
1867
1856
1857
1860
1859
1860
1866
1863
1863
1865
1865
1866
1867
1887
1870
1870
1874
1873
1873
1874
1886
1877
1877
1885
1881
1880
1881
1884
1883
1884
1885
1886
1887
1888
1966
1891
1891
1895
1894
1894
1895
1903
1898
1898
1902
1901
1901
1902
1903
1920
1906
1906
1910
1909
1909
1910
1919
1913
1913
1918
1915
1917
1917
1918
1919
1920
1965
1923
1923
1925
1925
1930
1927
1929
1929
1930
1939
1933
1933
1938
1935
1937
1937
1938
1939
1964
1941
1944
1943
1944
1955
1954
1949
1948
1949
1953
1952
1952
1953
1954
1955
1963
1958
1958
1962
1961
1961
1962
1963
1964
1965
1966
1967
2332
1970
1970
1974
1973
1973
1974
1983
1978
1977
1978
1982
1981
1981
1982
1983
2000
1986
1986
1990
1989
1989
1990
1999
1992
1994
1994
1998
1997
1997
1998
1999
2000
2034
2003
2003
2009
2005
2008
2007
2008
2009
2017
2012
2012
2016
2015
2015
2016
2017
2033
2020
2020
2024
2023
2023
2024
2032
2027
2027
2031
2030
2030
2031
2032
2033
2034
2100
2038
2037
2038
2042
2041
2041
2042
2050
2045
2045
2049
2048
2048
2049
2050
2067
2053
2053
2058
2057
2056
2057
2058
2066
2061
2061
2065
2064
2064
2065
2066
2067
2099
2070
2070
2074
2073
2073
2074
2082
2077
2077
2081
2080
2080
2081
2082
2098
2085
2085
2089
2088
2088
2089
2097
2092
2092
2096
2095
2095
2096
2097
2098
2099
2100
2331
2103
2103
2107
2106
2106
2107
2115
2110
2110
2114
2113
2113
2114
2115
2152
2119
2118
2119
2126
2121
2125
2124
2124
2125
2126
2151
2128
2130
2130
2137
2132
2136
2135
2135
2136
2137
2138
2143
2141
2141
2142
2143
2150
2145
2149
2148
2148
2149
2150
2151
2152
2218
2154
2158
2156
2157
2158
2165
2160
2164
2163
2163
2164
2165
2185
2167
2168
2169
2172
2171
2172
2184
2174
2176
2176
2181
2180
2179
2180
2181
2183
2183
2184
2185
2217
2188
2188
2192
2191
2191
2192
2204
2194
2198
2197
2197
2198
2203
2202
2201
2202
2203
2204
2216
2206
2209
2208
2209
2215
2211
2214
2213
2214
2215
2216
2217
2218
2330
2220
2224
2222
2223
2224
2231
2226
2227
2230
2229
2230
2231
2246
2233
2238
2237
2236
2237
2238
2245
2240
2241
2244
2243
2244
2245
2246
2273
2249
2249
2253
2251
2252
2253
2259
2255
2258
2257
2258
2259
2272
2261
2263
2263
2271
2267
2266
2267
2270
2269
2270
2271
2272
2273
2329
2275
2276
2282
2278
2281
2280
2281
2282
2288
2284
2287
2286
2287
2288
2301
2291
2291
2294
2293
2294
2300
2296
2299
2298
2299
2300
2301
2328
2303
2306
2305
2306
2313
2308
2312
2310
2311
2312
2313
2327
2315
2318
2317
2318
2326
2320
2321
2325
2324
2324
2325
2326
2327
2328
2329
2330
2331
2332
2333
2334
2336
2336
-1
