2212
1169
2006
1758
2097
1187
1275
1761
1761
1275
1326
1764
1674
1692
1627
1335
2047
2138
1339
1341
1758
1765
1342
1357
2012
1962
1694
1766
1359
1360
1365
1769
1276
1906
1366
2006
1277
1772
1367
1628
1370
1278
1386
1279
1169
1187
1773
1759
1389
1342
1360
1280
1774
2067
2016
2012
2174
2024
1389
1188
1393
1776
1629
1390
1977
1941
1942
1779
1769
2025
1630
1631
1170
1281
1609
2170
1343
1632
2150
1630
1396
1780
1397
1400
1760
1403
1997
1969
1282
1171
2026
1781
1393
1407
1283
1770
1408
1284
2177
1285
2082
1634
1907
2117
1409
1370
1189
1943
1635
1766
1636
2027
1637
1638
1767
1941
1344
1410
1782
2007
1345
1785
1639
1979
1906
1640
2013
2232
1904
2118
1976
1415
1286
2140
1669
2137
2008
1391
1397
1638
1957
2121
1287
1780
1288
1635
1942
1417
1640
1916
1394
1768
1434
2028
1715
1289
1435
1958
1786
1641
1671
1782
1974
1438
1786
2029
1443
1783
1446
1290
1447
1920
2030
1357
1789
2026
1190
1448
1291
1918
1641
1790
1914
1292
1716
1449
1191
1787
1293
1981
1793
1192
1929
2076
1717
1796
1629
1682
1395
1597
1799
1800
1801
1802
1172
1294
2032
1398
1361
1785
1392
1788
1944
2100
1805
1808
2088
1173
1174
1771
1809
1810
1455
2170
2094
2069
1634
1908
2122
2102
1642
1367
1371
1718
1458
2083
1372
1476
1482
1193
1194
1195
1485
1486
1196
1813
1643
1814
1458
1719
1945
2092
1490
1986
1600
1486
2052
1490
1499
2004
1614
2117
1817
1992
1197
1644
1610
1502
1818
1198
1482
1821
1645
1697
1821
1720
1646
1199
1449
1647
2033
2083
1698
1200
1610
1483
2016
1648
1201
1202
1721
1506
1507
1722
1648
1990
1203
2030
1204
1476
1205
1373
2028
2002
1959
1487
1921
1374
1790
1509
2064
1375
1823
1376
1326
1762
1206
1491
1514
1417
1327
1649
1642
1515
1207
1814
1515
1973
1946
1477
1377
1763
1774
1516
1517
1826
1946
1450
1813
1418
1208
2005
2171
1971
1523
1829
1830
1601
1723
1831
2118
1724
1815
1209
1818
1210
1419
1485
1514
1947
2031
1378
1819
1379
2017
1681
1725
1816
1451
1492
1726
1775
1499
1623
1727
2018
1211
1948
1826
1820
1380
1608
1502
1524
1531
1478
1688
1420
1982
1728
1532
1605
1517
1817
1509
2219
1212
1213
1675
2003
1991
1214
1686
1215
1518
1216
1833
1823
1328
1702
1534
1535
1834
1676
2098
1536
2099
1796
1536
1459
1217
1421
1218
1670
1500
1611
1381
1729
1503
1834
2175
1510
1730
2107
1460
1461
1382
1383
2130
1930
1219
1645
1539
1644
1677
1410
1540
1884
1462
1220
1221
1543
1463
1731
1464
1222
1611
1732
1632
1501
1519
1947
1537
1836
1650
1223
1465
1224
1827
1225
1226
1600
1384
1516
1227
1831
1983
2201
1733
1705
1228
1411
1329
1621
1839
1822
1791
1523
1466
1932
1949
1921
1504
1643
1488
1792
1545
1651
1531
1988
1511
1505
1797
2179
1543
1993
1994
2188
1479
2072
1544
1229
1547
1683
2034
1652
1467
1230
1506
1734
2033
1468
1231
2084
1512
1412
1835
1978
1524
1385
1232
1646
1649
1548
1621
1469
1470
2046
1829
1798
1532
2124
1550
1520
1489
1413
2171
1735
1639
1601
1414
1652
1480
1471
1651
1551
1233
2034
1472
1473
1484
1330
1539
1832
1948
1521
1736
1927
1474
1331
2056
1984
1552
1689
1234
1422
2261
1699
1235
1840
1507
1554
2082
1824
1737
1738
1423
1555
1998
1558
1603
1653
1841
1830
1236
2032
1810
1563
1844
1631
1653
1565
1237
1481
1558
1568
1568
1909
1513
1949
1493
1332
1559
1238
2085
1239
1547
2019
1175
1739
1240
2035
1670
1563
1740
1847
1962
2062
1741
1802
1583
1438
1666
1569
1339
2024
1960
1909
2144
1424
1455
1241
1849
1844
1781
1242
1742
1852
1570
1849
1525
1176
1243
1244
1552
1616
1560
1571
1743
1555
1713
1400
1654
1572
1655
1245
1246
1744
1708
1852
1407
1656
1551
1745
2036
2085
1565
1564
1247
1584
1673
1968
2119
1566
1950
1573
1836
1907
1248
1249
1679
1439
1561
1574
1475
2090
1841
1250
1251
1971
1440
1252
2037
1548
1951
1586
1850
2020
1956
1805
1359
1598
1703
1784
1625
1295
1296
1633
1365
1452
1773
1910
1854
1590
1253
1684
1776
1366
1809
1678
1657
1975
1854
1435
2115
1658
1772
2042
1711
1999
1591
1177
2138
1945
1297
2035
1178
1403
1806
1298
1550
1855
1918
1671
1404
2084
1508
1179
1659
2055
1362
2129
1926
1856
1456
1443
1346
1619
2038
1825
1180
1857
1660
2169
2009
1654
1425
1181
1966
1434
2100
1811
2010
1415
1951
1444
2025
1405
1299
1860
2132
1777
1300
1182
1396
1920
1301
1801
1399
2172
2021
1911
1183
1857
1765
1746
1386
1858
1447
2122
1593
2172
1972
2050
1655
1347
1184
1658
1302
1335
1696
1303
1457
2037
1908
1584
1707
1859
1637
1406
1615
1348
1807
1965
2144
1660
1349
1812
1861
1526
1800
1636
2070
1304
1912
1350
2141
1436
1305
1789
1661
1666
1306
1586
1307
1587
2094
1594
1913
1308
2131
1309
2036
1310
1910
1803
1311
1864
1967
1701
1943
1387
1662
1408
1650
1254
1312
1313
1851
2029
1594
1685
1865
1314
2123
1712
1185
1595
1661
2139
1663
1865
1680
1833
1553
1944
1866
1779
2057
1980
1665
1672
1793
1595
1847
1315
1659
1778
1316
1255
2048
1351
1256
1794
1317
1598
1795
1352
2242
1626
1867
1691
1363
1861
1663
1647
1808
1695
1353
1864
1588
1494
1364
1687
1318
1591
1624
1667
1868
1599
1445
1319
2086
1320
1321
1606
1388
1868
1354
1624
1828
1869
1911
1322
1186
1704
1870
1426
1336
1337
1427
1609
1368
1596
1657
1355
1323
1428
1437
1917
1590
1409
1881
2022
1592
1950
1429
1416
1747
1871
1324
1874
2044
2014
1871
1862
1952
2062
1527
1575
1764
1748
1709
1972
1863
1882
2015
1872
1837
2039
2038
1358
2108
1874
2142
1356
1446
1969
1842
1596
2047
1873
1843
1876
2121
1612
1495
2039
1883
2011
1325
1369
1453
1257
1613
1602
1876
1576
1585
1333
1669
1839
1430
1567
1577
1538
1545
1714
1583
1341
1554
1578
1628
1749
1750
1877
1454
1258
1845
1597
1556
1522
1919
1693
1259
2049
1607
1860
1431
1540
1622
2063
1338
2059
1260
1664
2125
1528
1557
1261
1879
1656
1607
1664
1340
1432
1334
1751
1752
2184
1622
1838
1953
1529
1804
1853
1880
1579
1262
1401
1848
1700
2023
1263
2120
1264
2086
1448
1846
1265
1617
1530
1496
1954
1580
1546
1266
1599
1581
1662
1267
1934
1875
1753
1961
1877
1690
1754
1935
2158
1799
1996
1755
1879
2116
1268
1840
1535
1710
1533
1541
1549
1269
1270
1756
2105
1885
1582
1271
1441
1604
1497
1954
1915
1498
1433
1757
1442
1272
1273
1534
1953
2125
1593
1589
1274
1955
1562
1402
2103
1925
1878
1880
1627
1620
1952
1542
2027
2124
1170
1171
1172
1173
1174
1175
1176
1177
1178
1179
1180
1181
1182
1183
1184
1185
1186
2311
1188
1189
1190
1191
1192
1193
1194
1195
1196
1197
1198
1199
1200
1201
1202
1203
1204
1205
1206
1207
1208
1209
1210
1211
1212
1213
1214
1215
1216
1217
1218
1219
1220
1221
1222
1223
1224
1225
1226
1227
1228
1229
1230
1231
1232
1233
1234
1235
1236
1237
1238
1239
1240
1241
1242
1243
1244
1245
1246
1247
1248
1249
1250
1251
1252
1253
1254
1255
1256
1257
1258
1259
1260
1261
1262
1263
1264
1265
1266
1267
1268
1269
1270
1271
1272
1273
1274
2330
1276
1277
1278
1279
1280
1281
1282
1283
1284
1285
1286
1287
1288
1289
1290
1291
1292
1293
1294
1295
1296
1297
1298
1299
1300
1301
1302
1303
1304
1305
1306
1307
1308
1309
1310
1311
1312
1313
1314
1315
1316
1317
1318
1319
1320
1321
1322
1323
1324
1325
2328
1327
1328
1329
1330
1331
1332
1333
1334
2245
1336
1337
1338
1934
1340
2230
2145
1343
1344
1345
1346
1347
1348
1349
1350
1351
1352
1353
1354
1355
1356
2296
1358
1913
2161
1361
1362
1363
1364
2191
2162
1694
1368
1369
1936
1371
1372
1373
1374
1375
1376
1377
1378
1379
1380
1381
1382
1383
1384
1385
2308
1387
1388
1937
1390
1391
1392
1615
1394
1395
1929
1980
1398
1399
1612
1401
1402
2253
1404
1405
1406
1633
1603
2149
2163
1411
1412
1413
1414
2225
1416
1922
1418
1419
1420
1421
1422
1423
1424
1425
1426
1427
1428
1429
1430
1431
1432
1433
2304
1985
1436
1437
1625
1439
1440
1441
1442
2089
1444
1445
1706
1695
1696
1604
1450
1451
1452
1453
1454
1955
1456
1457
1939
1459
1460
1461
1462
1463
1464
1465
1466
1467
1468
1469
1470
1471
1472
1473
1474
1475
2317
1477
1478
1479
1480
1481
2297
1483
1484
2092
2099
1487
1488
1489
2081
1491
1492
1493
1494
1495
1496
1497
1498
2258
1500
1501
1930
1503
1504
1505
2001
2078
1508
1931
1510
1511
1512
1513
1616
1699
1700
2157
1518
1519
1520
1521
1522
2148
1701
1525
1526
1527
1528
1529
1530
2307
1981
1533
1923
1698
1605
1537
1538
1614
1697
1541
1542
1940
1544
2063
1546
1928
1618
1549
1915
1618
1702
1553
1608
2164
1556
1557
1613
1559
1560
1561
1562
1617
1564
1933
1566
1567
1938
1569
1570
1571
1572
1573
1574
1575
1576
1577
1578
1579
1580
1581
1582
2275
2077
1585
2244
1587
1588
1589
2165
1606
1592
1914
1620
1704
1619
1703
2060
1674
1602
1675
1676
1714
2060
2071
2216
1905
1673
1623
1672
1668
2215
1987
2281
1927
1626
2051
1935
1924
2135
1713
1677
1668
1961
1665
1925
1970
1678
1679
1680
2053
2096
1681
2251
1956
2106
1963
2109
1682
1683
1684
1685
1686
1964
2070
1687
1688
2041
1959
1689
2093
2113
2091
1667
1989
1995
1690
2054
1691
1957
1958
2110
1985
2000
1960
1706
2071
2173
1715
2058
2065
2080
2042
2077
1692
1693
2126
2193
2187
1975
1976
1978
1977
2087
1979
2000
1705
2186
2186
2127
2158
2199
1707
2198
2143
2205
1709
2078
2134
1990
1991
1710
2154
1711
2135
1708
2182
1712
2194
2111
2235
2185
1904
2114
2044
1716
1717
1718
1719
1720
1721
1722
1723
1724
1725
1726
1727
1728
1729
1730
1731
1732
1733
1734
1735
1736
1737
1738
1739
1740
1741
1742
1743
1744
1745
1746
1747
1748
1749
1750
1751
1752
1753
1754
1755
1756
1757
1919
1759
1760
1886
1762
1763
1881
2079
1922
1767
1768
1895
1770
1771
1887
1965
1937
1775
1982
1777
1778
1882
1938
1966
2151
1783
1784
1891
2147
1787
1788
1895
2073
1791
1792
1888
1794
1795
1883
1797
1798
1889
2204
1939
1926
1803
1804
1890
1806
1807
1898
1936
1967
1811
1812
1896
2189
1815
1816
1884
1923
1819
1820
1885
1822
1983
1824
1825
1986
1827
1828
1900
1968
2074
1832
2001
1973
1835
1984
1837
1838
1903
1989
1889
1842
1843
1894
1845
1846
2065
1848
2058
1850
1851
2089
1853
1928
1855
1856
1892
1858
1859
1893
1912
1862
1863
1897
1905
1866
1867
1898
1869
1870
1899
1872
1873
1899
1875
1886
1887
1878
1888
1940
1890
1900
2185
1987
1931
1903
1891
1896
1894
1994
1933
1892
1893
1917
1916
1901
1897
2043
1901
1902
2002
1902
2066
1932
2079
2229
2181
1995
1974
2114
2068
1970
1924
2255
2057
2259
2040
2045
2111
2104
2128
2051
2055
2056
2059
2248
2069
2126
2075
2272
2238
2052
2004
2061
2288
2103
2095
2149
2136
2246
2072
2054
2073
1997
2222
2046
2153
1964
2101
1998
2112
1963
2088
2074
1999
2303
2192
2192
2097
2152
2200
2064
2090
2211
2041
2048
2137
2049
2101
2067
2220
2133
2080
2081
2202
2183
2223
2112
2262
2217
2053
2134
2159
1988
2148
2183
1992
2142
1993
2230
2154
2228
1996
2091
2174
2160
2093
2180
2105
2240
2248
2293
2003
2129
2005
2076
2007
2008
2009
2010
2011
2066
2013
2014
2015
2043
2017
2018
2019
2020
2021
2022
2023
2104
2050
2190
2168
2061
2167
2181
2031
2040
2045
2098
2087
2197
2133
2178
2166
2095
2215
2233
2204
2068
2146
2106
2116
2075
2191
2165
2096
2292
2222
2226
2211
2141
2218
2140
2102
2146
2160
2139
2213
2249
2267
2145
2110
2190
2182
2209
2195
2236
2207
2128
2273
2236
2130
2242
2127
2271
2176
2289
2107
2152
2151
2108
2175
2225
2224
2302
2197
2157
2219
2245
2210
2266
2136
2143
2115
2159
2176
2250
2178
2301
2113
2196
2109
2193
2194
2132
2156
2131
2224
2164
2173
2239
2198
2179
2119
2120
2153
2180
2123
2156
2188
2155
2235
2241
2169
2216
2155
2221
2147
2166
2263
2257
2279
2217
2168
2184
2246
2229
2264
2274
2177
2253
2150
2161
2285
2205
2267
2212
2218
2167
2278
2196
2199
2233
2234
2189
2187
2162
2163
2231
2214
2266
2260
2200
2237
2243
2220
2203
2195
2270
2295
2207
2210
2213
2256
2203
2221
2237
2208
2265
2280
2264
2206
2247
2239
2276
2209
2291
2202
2254
2201
2240
2228
2256
2227
2223
2206
2268
2208
2241
2312
2286
2214
2315
2226
2282
2287
2232
2247
2260
2227
2280
2258
2231
2238
2277
2271
2251
2250
2272
2243
2285
2255
2234
2254
2257
2252
2274
2269
2249
2244
2295
2292
2294
2263
2261
2287
2262
2273
2294
2252
2298
2286
2279
2283
2290
2268
2282
2259
2275
2289
2269
2300
2299
2284
2265
2300
2276
2319
2278
2299
2270
2310
2298
2290
2296
2277
2322
2291
2284
2283
2324
2323
2281
2319
2318
2304
2288
2312
2305
2321
2327
2305
2313
2293
2297
2317
2310
2309
2301
2316
2306
2325
2308
2313
2314
2316
2302
2303
2306
2307
2311
2309
2329
2320
2315
2314
2326
2318
2320
2322
2321
2329
2327
2326
2323
2334
2324
2325
2332
2330
2328
2333
2332
2333
2331
2331
2334
2335
2336
2335
2336
-1
