1765
2177
1183
1307
1707
1605
1226
1935
1401
1932
1458
1348
1318
1361
1630
1187
1688
1610
1304
1328
1267
1222
1340
1434
1200
1627
1337
1176
1355
1399
1997
1495
1376
1460
1558
1328
1181
1248
1474
1686
1549
1307
1273
1710
1399
1390
1318
1330
1768
1357
1306
1176
1853
1627
1594
1916
1426
1517
1347
1757
1410
1591
1904
1402
1469
1195
1499
2206
1269
1281
1926
1348
1844
1383
1216
1179
1316
1536
1280
1818
1425
1947
1227
1301
1793
1638
1188
1929
1254
2019
1844
1387
1302
1446
1253
1846
1253
1217
1547
1415
1601
1932
1402
1169
1288
1779
1418
1228
1174
1354
1364
1575
1417
1958
1431
1440
1280
2161
1377
1381
1372
1600
1649
1471
2163
1281
1595
1567
1533
1278
1313
1577
1224
1243
1831
1186
1257
1294
1184
1347
1575
1331
1846
1461
1360
1170
1340
2142
1170
1337
1431
1228
2209
2270
1425
1416
1997
2019
1194
2154
1317
1685
1290
1349
1182
1496
1374
1360
1267
1445
2063
1469
1585
1295
1279
1275
1628
2081
1383
1361
1799
1674
1327
1310
1556
2003
1530
1181
1263
1514
1354
1582
1405
1291
1606
1632
1220
1446
1313
1768
1674
1209
1722
1278
1445
2138
1173
1289
1422
1467
1317
1310
1441
1610
1345
1252
1467
1886
1343
1204
2138
1562
1195
1185
1398
1688
1193
1209
1185
1955
1494
1818
1309
1221
1314
1322
1420
1210
1684
1352
1408
1221
1272
1693
1806
1320
1375
1356
1651
1385
1427
1352
1708
1656
1356
1494
1203
1334
1737
1223
1456
1265
1282
1994
1507
1385
2046
1614
1442
1456
2169
1324
1660
1465
1464
1298
1815
1464
1388
1247
1237
1309
1389
2282
1367
1407
1322
1692
1368
1396
2055
1553
1853
1192
1479
1287
1542
1573
1321
1251
1407
1362
1403
1528
1708
1264
1601
1507
1442
1378
1178
1400
1451
1506
1447
1420
1911
1910
1449
1388
1259
1178
2282
2223
1321
1457
1539
1245
1215
1353
1362
1458
1534
2223
1737
1332
1298
1311
1353
2285
1424
1259
1457
2030
2075
1992
2212
2046
1369
1245
1284
1237
1324
1536
1265
1400
2296
1922
1192
1246
1210
1368
1447
1291
1303
1479
1314
1917
1351
2089
1586
1203
1426
1320
2139
1815
1311
2139
1297
1297
1189
1351
1367
2308
1699
1865
1223
1419
1403
1264
1529
1246
1820
1465
1566
2075
1419
1396
2055
1251
1619
1408
2078
1378
1855
2047
1573
1748
1472
1488
1749
1902
1784
2064
1657
2010
1563
1680
1942
1828
2051
1546
1599
2106
2050
1937
1946
1962
1466
1700
2010
2032
1260
1923
1850
1641
1837
1933
1437
1589
1523
1715
1730
1612
1590
1739
1921
1690
1984
2113
1942
1748
1589
1801
1791
2009
1596
1693
1487
1700
1918
1762
1806
1628
1902
1784
1790
1557
1743
1918
1993
1752
1535
2035
1826
1759
1602
1739
1561
1599
2035
1859
1946
1725
1775
1487
1437
2033
1832
1733
1584
1941
1563
1876
1612
2285
2226
1561
1984
1654
1583
1816
2078
1803
1721
1733
1775
1882
1260
1974
1894
1779
1679
1721
1731
1949
1903
1795
1953
1759
1602
1576
2011
1822
1832
2054
2084
1584
1941
1800
1472
1757
1697
1576
1470
1590
1840
1840
1679
1948
1680
1596
1879
1879
2059
2011
2256
2121
1803
2076
2021
1749
1719
1797
1933
1657
1557
1938
2148
1719
2056
1800
1980
1783
1797
2021
1731
1938
1711
2119
1993
1729
2047
1894
1523
1783
2258
1697
1729
1752
1949
1654
1715
1948
1937
1762
2100
1895
2114
1659
1336
1336
1636
1537
1778
2179
1713
1811
1890
1483
1944
1650
2012
1960
1839
1928
1429
1436
1238
1621
1892
1750
1581
1908
1598
1588
1738
1767
1512
1961
1969
1704
1319
1900
1988
1738
2023
1664
2130
1833
1448
1960
1652
1723
1512
1344
1796
1698
1344
1637
1636
1985
1698
1413
1480
1703
1299
1579
1687
1875
1833
1372
1744
1734
1954
1637
1747
1760
2097
1785
1989
1667
2034
1537
1964
1663
1510
1695
1972
1742
1862
1785
1641
1392
1271
2044
1769
1842
1913
1667
1429
1801
1306
1969
1413
1477
1827
1875
1392
1639
1734
1713
1703
1510
1470
1974
1631
1527
1769
1834
1705
1695
1271
1774
1995
1490
1199
1975
1622
1350
1288
1559
1240
1871
1574
1617
1995
1888
1986
1497
1196
1482
1233
1188
1295
1754
1292
1559
1545
1726
1782
1646
1196
1812
1531
1379
1370
1554
1724
2190
1509
1232
1878
1279
1789
1676
1891
1415
1604
1349
1502
1718
1924
1503
1526
1595
1505
1754
1685
1242
1226
1544
1702
1292
1421
1296
1493
1845
2154
1390
1845
1515
1669
1644
1350
1578
1201
1382
1916
1869
1302
1600
1473
1869
1240
1520
1444
1889
1463
1798
1231
1289
1565
2199
1423
1799
1365
1812
1359
1412
1173
1382
1387
1572
1339
1202
1301
1417
1929
1205
1202
1732
1499
1878
1976
1219
1560
1726
1294
1653
1473
1443
1418
1169
1269
1591
1304
1216
2140
1477
1330
1666
1257
1207
1175
1533
1266
1877
1884
2062
1484
1501
1327
1286
1857
1886
1652
1440
1263
2141
1343
1484
1462
1432
1889
1592
1268
1371
1296
1239
1603
1357
2141
1191
1212
1705
1675
1516
1428
1175
1316
1225
1218
1213
1578
1359
1433
1236
1239
1394
1256
1191
1342
1212
1208
1293
1753
1485
1186
1468
1333
1249
1193
1692
1532
1428
1211
1485
1270
1511
1342
1273
1252
1213
1740
1190
2206
1233
1474
1374
1564
1516
1701
1258
1312
1358
1183
1460
1613
1571
1190
1655
1412
1231
1545
1505
1232
1404
1258
1229
1423
1218
1270
1532
1571
1194
1326
1623
1249
1618
1459
1177
1701
1543
1234
1366
1608
1315
1709
1335
1468
1214
1605
1243
1358
1308
1444
2062
1623
1439
1171
1325
1608
1323
1380
1562
1394
2270
1430
1640
1204
1236
1199
1613
1208
1293
1171
1262
1478
1312
1540
1831
1761
1339
1206
2173
1497
1877
2250
1866
1177
1587
1770
1525
1450
1366
1475
1450
1808
1277
2195
1286
1315
1234
1268
1227
1363
2105
1659
1323
2015
1179
2250
1244
1325
1509
1187
1490
1380
1430
1501
1217
1836
1727
1780
1597
1895
1283
1714
1597
1854
1854
1635
1778
1607
2064
1635
1551
1522
1796
1629
1999
1808
2080
1682
1329
1448
1908
1631
1952
1750
1859
1979
1466
1952
1668
1197
1835
1522
1852
1711
2065
2058
1664
1915
1858
1735
1872
1766
1283
2228
1455
1180
1668
1835
1727
1673
2195
1860
1864
2099
1841
1197
1414
1551
1771
1868
1892
2029
1580
1455
1546
1663
1965
2009
1658
1959
1780
1299
1621
1650
1180
1776
1276
1670
1834
2025
1618
1798
1384
1945
1747
2099
1881
1238
1384
1706
1607
1821
1862
1761
1746
1414
1538
1639
1409
1329
1391
1255
1690
1744
1409
2281
1758
1861
1658
1518
1498
1714
1671
1670
1241
1579
1794
1706
1999
1852
1620
1198
1813
1827
1276
1687
2039
1745
2048
1538
1742
1788
1391
1422
1615
2177
1436
1662
1615
1544
1606
1598
1172
1172
1478
1174
1200
1230
1201
1182
1184
1189
1205
1198
1211
1285
1225
1256
1500
1229
1250
1207
1215
1214
1220
1235
1242
1274
1305
1300
1397
1241
1206
1250
1230
1254
1282
1244
1248
1331
1219
1341
1305
1235
1274
1285
1261
1224
1247
1677
1261
1222
1912
1338
1287
1777
1332
1341
1300
1377
1262
1275
1326
1290
1462
1373
1453
1277
1346
1338
1284
1319
1519
1333
1255
1335
1373
1308
1272
1489
1303
1677
1370
1648
1451
1592
1416
1653
1397
1266
1345
1365
1424
1583
1435
1486
1405
1481
1393
1454
1421
1492
1410
1363
1483
1389
1433
1386
1395
1476
1616
1593
1443
1492
1824
1411
1518
1504
1371
1406
1438
1452
1434
1381
1441
1406
1439
1432
1364
1454
1334
1528
1527
1817
1452
1709
1346
1398
1585
1471
1555
1541
1375
1500
1534
1508
1355
1548
1587
1511
1565
1558
1498
1393
1552
1672
1550
1489
1395
1435
1379
1376
1476
1567
1531
1369
1622
1632
1611
1874
1603
1491
1453
1530
1524
1525
1502
1694
1513
1427
1787
1401
1493
1526
1689
1865
1553
1517
1386
1943
1624
1655
1564
1649
1661
1684
1756
1496
1486
1568
1438
1548
1609
1404
1524
1669
1520
1683
1411
1555
1475
1539
1678
1891
1648
1515
1661
1673
1514
1647
1503
1506
1504
1825
1848
1480
1689
1696
1569
1614
1830
1634
1461
1529
1870
1805
1556
1782
1513
1574
1566
1643
1629
1792
1665
1702
1760
1588
2163
1710
1495
1569
1449
1656
1570
1604
1716
1481
1644
1488
1665
1686
1735
1491
1554
1691
1642
1459
1541
1839
1535
1823
1633
1678
1521
1619
1463
1640
1716
1572
1907
1814
1728
1482
1521
1897
1519
1568
1580
1552
1911
1728
2031
1683
1638
1720
1857
1549
1586
1819
1963
1809
1594
1887
1722
1901
1647
1630
1508
1830
1577
2173
1542
1681
1802
1810
1704
1626
1625
1741
1730
1838
1712
1550
1616
1543
1804
1582
1773
1593
1540
1581
1560
1570
1764
1634
1724
1736
1935
1880
2094
2041
1617
1681
1633
1694
1764
1992
1718
1885
2041
1620
1611
1547
1951
1771
1923
1675
1753
1645
1776
1660
1609
1691
1893
1740
1966
1651
1795
1699
1849
1813
2146
1777
1624
1672
1642
1717
1883
1790
1981
1751
2067
1781
1671
1643
1823
1787
1909
1847
1725
1732
1772
1947
1826
1883
1950
1804
1626
1802
2037
1720
1676
1897
1756
1755
1856
1905
1991
1828
1896
1961
2034
1766
1863
1829
2024
1819
1893
1907
1646
1945
1934
1743
1871
1930
1956
1899
1786
2174
1967
2004
1791
1824
1910
1837
1843
2007
1625
1717
1758
1666
1751
1755
1977
1920
2008
1847
1662
1645
1805
1898
1712
1954
1957
1781
2015
1741
2060
1870
1958
1829
1682
1909
1851
1736
1973
2001
1763
1890
2053
1896
1971
1770
1872
2188
1922
1963
1789
1884
1807
1792
2107
1858
1931
1955
1786
1841
1696
1982
2095
1767
1927
1982
1825
1774
1746
2162
2016
2101
1849
1763
1773
1842
1848
2028
1745
2017
1912
1843
2124
1925
2117
1794
1811
1836
1873
1856
1925
1707
1868
1926
2143
1950
1765
2089
1968
1990
1985
1924
1934
1723
1838
1876
1866
1966
1971
2042
1821
2027
1973
2018
1899
1807
1887
1943
1959
1881
1903
1930
1814
2087
1822
1817
1855
1970
1867
1772
2000
1793
1861
1936
2050
1983
2159
2073
2180
1851
1863
1951
1820
1906
2150
1809
1905
1914
1901
1927
1788
2039
1965
1850
2005
2012
1940
1882
2060
2014
2001
1810
2056
1913
1816
1900
2080
1962
2100
1978
2017
1998
2026
2203
2085
1873
2020
1986
2013
2040
2038
1867
2030
1864
1953
2058
1939
2036
2068
1972
1998
1956
2061
2071
2096
1921
1968
1904
2129
2000
2052
2120
2084
1996
2105
2090
2072
1931
2131
1977
1888
2066
1981
1860
1919
2153
1906
1975
1914
2040
2032
1987
2096
2102
2052
2227
1898
2135
1936
2083
2006
2038
1920
2059
2118
2271
2137
2090
2086
1915
1964
2027
2125
2018
1874
2002
2002
1957
1885
1976
2184
2111
1880
2043
1989
2088
2097
2114
2143
2115
2068
2094
2003
2110
2033
2081
2020
2044
2022
2166
1917
1919
2093
1967
2045
2103
1970
2065
2196
2004
2085
1983
2209
2063
2029
1940
2025
2116
2057
1939
2188
2079
2024
2151
2137
1928
2036
2048
2232
2116
2136
2013
1978
2147
2057
2042
2125
2117
1980
1991
2087
1990
2146
1988
2006
2106
2122
2267
2091
2043
2077
2214
2169
2131
2008
2072
1979
2109
1987
2108
2049
2074
1944
2192
2111
2108
1994
2172
2181
2145
2246
2164
2054
2112
2031
2066
2121
2051
2016
2156
2026
2215
2037
2176
2005
2118
2028
2082
2067
2022
2045
2247
2069
2074
2134
2023
1996
2148
2070
2193
2110
2079
2053
2133
2217
2101
2104
2194
2070
2135
2278
2107
2127
2007
2112
2119
2014
2109
2185
2167
2175
2049
2208
2086
2093
2132
2140
2122
2133
2123
2172
2274
2102
2104
2136
2157
2247
2211
2144
2170
2215
2061
2202
2246
2159
2076
2092
2091
2171
2221
2183
2317
2083
2123
2129
2168
2240
2126
2120
2088
2071
2115
2271
2164
2149
2260
2127
2182
2098
2134
2158
2197
2073
2098
2077
2170
2151
2132
2191
2147
2128
2212
2167
2155
2184
2174
2242
2160
2069
2095
2182
2161
2128
2082
2149
2216
2103
2183
2165
2194
2189
2264
2178
2176
2187
2144
2156
2210
2186
2243
2227
2113
2191
2230
2153
2200
2201
2219
2288
2092
2152
2168
2197
2160
2254
2180
2130
2255
2126
2235
2181
2124
2155
2150
2277
2225
2202
2203
2171
2193
2222
2142
2186
2198
2205
2204
2199
2189
2256
2213
2204
2145
2211
2178
2158
2162
2229
2275
2238
2300
2210
2179
2278
2216
2165
2166
2220
2192
2157
2152
2207
2201
2231
2241
2286
2232
2244
2276
2205
2196
2185
2235
2217
2207
2220
2265
2221
2234
2198
2261
2219
2175
2224
2279
2226
2218
2208
2253
2222
2238
2262
2239
2233
2187
2254
2327
2249
2231
2284
2255
2200
2224
2268
2293
2329
2218
2269
2242
2284
2249
2252
2190
2234
2288
2269
2283
2213
2303
2245
2229
2228
2291
2267
2243
2214
2225
2237
2303
2241
2239
2275
2261
2259
2233
2260
2236
2259
2248
2245
2262
2257
2283
2251
2236
2263
2258
2304
2304
2230
2252
2237
2240
2248
2277
2266
2287
2244
2268
2273
2272
2309
2257
2251
2264
2253
2298
2297
2276
2300
2297
2263
2315
2291
2287
2311
2281
2290
2280
2290
2305
2298
2266
2279
2265
2273
2302
2292
2292
2272
2309
2289
2299
2294
2318
2280
2296
2327
2274
2289
2307
2305
2286
2301
2294
2293
2306
2295
2312
2320
2295
2308
2310
2310
2302
2299
2301
2318
2316
2306
2325
2328
2314
2322
2319
2326
2313
2307
2316
2311
2313
2317
2319
2315
2312
2323
2321
2320
2314
2322
2321
2330
2324
2323
2324
2326
2325
2328
2332
2333
2334
2332
2331
2329
2331
2330
2335
2333
2334
2336
2335
2336
-1
